userid	newsId
24378	100653403
24378	100653785
24378	100653351
24378	100653757
24378	100651182
24378	100654109
24378	100653724
24378	100653720
24378	100647745
24378	100653898
24378	100650387
24378	100653904
24378	100653986
24378	100653826
930	100653403
930	100653351
930	100653327
930	100653104
930	100652935
930	100653275
930	100652817
930	100652788
930	100652447
930	100652409
930	100652271
930	100651469
930	100652168
930	100651950
3133070	100653403
3133070	100653351
3133070	100651276
3133070	100651265
3133070	100651247
3133070	100651215
3133070	100651048
3133070	100653327
3133070	100651469
3133070	100650992
3133070	100647712
3133070	100651344
3133070	100647745
3133070	100650702
1213710	100654109
1213710	100653785
1213710	100653904
1213710	100653948
1213710	100652703
1213710	100653826
1213710	100653722
1213710	100653323
1213710	100653986
1213710	100653933
1213710	100653724
1213710	100653465
1213710	100653840
1213710	100651343
3354852	100653403
3354852	100653351
3354852	100653785
3354852	100651182
3354852	100647745
3354852	100654109
3354852	100653757
3354852	100650387
3354852	100653720
3354852	100653904
3354852	100652919
3354852	100653724
3354852	100647712
3354852	100653948
436316	100653403
436316	100653351
436316	100653785
436316	100654109
436316	100651182
436316	100653757
436316	100647745
436316	100653948
436316	100650387
436316	100653904
436316	100653720
436316	100653986
436316	100653724
436316	100652919
788073	100653757
788073	100653403
788073	100654109
788073	100653785
788073	100653904
788073	100653720
788073	100654178
788073	100653948
788073	100653986
788073	100653601
788073	100653464
788073	100653990
788073	100653351
788073	100653834
1134096	100653403
1134096	100653351
1134096	100647745
1134096	100653327
1134096	100653785
1134096	100653275
1134096	100653104
1134096	100652935
1134096	100647712
1134096	100647672
833718	100653785
833718	100652703
833718	100654109
833718	100653904
833718	100653597
833718	100653446
833718	100653458
833718	100653724
833718	100653465
833718	100653601
833718	100653720
833718	100652866
833718	100653729
833718	100654390
201983	100653403
201983	100653351
201983	100647745
201983	100651182
201983	100653757
201983	100647712
201983	100647672
201983	100650387
201983	100652919
201983	100653785
201983	100653327
201983	100653275
201983	100654109
201983	100652686
7619930	100654109
7619930	100653904
7619930	100653898
7619930	100653785
7619930	100653720
7619930	100654112
7619930	100653986
7619930	100653990
7619930	100653826
7619930	100653948
7619930	100653830
7619930	100653724
7619930	100654243
7619930	100653861
464608	100653403
464608	100653351
464608	100654109
464608	100653785
464608	100651182
464608	100653986
464608	100653720
464608	100653757
464608	100653948
464608	100647745
464608	100650387
464608	100653990
464608	100653898
464608	100653904
173915	100653403
173915	100653757
173915	100651182
173915	100653785
173915	100647745
173915	100653351
173915	100650387
173915	100647672
173915	100653826
173915	100647712
173915	100652866
173915	100653298
173915	100653720
173915	100653765
132454	100653298
132454	100653785
132454	100651182
132454	100653724
132454	100653933
132454	100653722
132454	100653757
132454	100653403
132454	100653826
132454	100650400
132454	100652773
132454	100652866
132454	100647745
132454	100653720
1036292	100653403
1036292	100653351
1036292	100651265
1036292	100651215
1036292	100651247
1036292	100650992
1036292	100651048
1036292	100651276
1036292	100649924
1036292	100650677
1036292	100649574
1036292	100650617
1036292	100649853
1036292	100650488
249923	100653403
249923	100653351
249923	100651182
249923	100653757
249923	100653785
249923	100647745
249923	100654109
249923	100650387
249923	100652919
249923	100653948
249923	100647712
249923	100647672
249923	100653720
249923	100653327
799560	100653403
799560	100653351
799560	100653785
799560	100654109
799560	100651182
799560	100653986
799560	100653757
799560	100647745
799560	100653720
799560	100653724
799560	100650387
799560	100653826
799560	100653948
799560	100653722
10430470	100653785
10430470	100653403
10430470	100654109
10430470	100653724
10430470	100654186
10430470	100653720
10430470	100653861
10430470	100653904
10430470	100653351
10430470	100653298
10430470	100653757
10430470	100651182
10430470	100653898
10430470	100653722
3424543	100647672
3424543	100647745
3424543	100651182
3424543	100647712
3424543	100652919
3424543	100653757
3424543	100650387
3424543	100603376
231780	100653403
231780	100654109
231780	100653785
231780	100653351
231780	100651182
231780	100653323
231780	100653948
231780	100653757
231780	100653724
231780	100653720
231780	100653986
231780	100653990
231780	100647745
231780	100653298
860329	100653403
860329	100653785
860329	100653351
860329	100651182
860329	100653757
860329	100654109
860329	100647745
860329	100647712
860329	100650387
860329	100653720
860329	100653948
860329	100653724
860329	100652919
860329	100653298
6998128	100653785
6998128	100653986
6998128	100653720
6998128	100654109
6998128	100653724
6998128	100653904
6998128	100653298
6998128	100654112
6998128	100653898
6998128	100652179
6998128	100653740
6998128	100653380
6998128	100653830
6998128	100654022
3772757	100653785
3772757	100653403
3772757	100653724
3772757	100654109
3772757	100653351
3772757	100653986
3772757	100653298
3772757	100653757
3772757	100651182
3772757	100653904
3772757	100647745
3772757	100653720
3772757	100653826
3772757	100653722
9881397	100653403
9881397	100652773
9881397	100653351
9881397	100653757
9881397	100651182
9881397	100647745
9881397	100653785
9881397	100653826
9881397	100647712
9881397	100653298
9881397	100651469
9881397	100647672
9881397	100653327
9881397	100653275
466877	100653403
466877	100653351
466877	100651182
466877	100653757
466877	100653785
466877	100654109
466877	100647745
466877	100650387
466877	100652919
466877	100647712
466877	100653327
466877	100653720
466877	100653323
466877	100647672
9657325	100647672
9657325	100647745
9657325	100653403
9657325	100647712
9657325	100651182
9657325	100652919
9657325	100651469
9657325	100653351
9657325	100650387
9657325	100651950
9657325	100650400
9657325	100651276
9657325	100650220
9657325	100653327
6670388	100653757
6670388	100653403
6670388	100653826
6670388	100654153
26947	100653403
26947	100653351
26947	100653327
26947	100653275
26947	100653104
26947	100652935
26947	100652817
26947	100652788
26947	100652447
26947	100652409
26947	100652271
26947	100652020
26947	100652168
26947	100651182
1209194	100647745
1209194	100652919
1209194	100650387
1209194	100647672
1209194	100647712
1209194	100651182
1514076	100653785
1514076	100653724
1514076	100653403
1514076	100653826
1514076	100653757
1514076	100653298
1514076	100653834
1514076	100654109
1514076	100653720
1514076	100653818
1514076	100653948
1514076	100653617
1514076	100653986
1514076	100654317
5195374	100653826
5195374	100647712
5195374	100647672
5195374	100653757
5195374	100653403
5195374	100647745
5195374	100654303
5195374	100653990
5195374	100652773
5195374	100637433
5195374	100633901
5195374	100603422
5195374	100510169
5195374	100454955
6006236	100653403
6006236	100653826
6006236	100653757
6006236	100654014
6006236	100653351
6006236	100653461
622805	100653403
622805	100653351
622805	100653327
622805	100651182
622805	100654109
622805	100653785
622805	100653757
622805	100647745
622805	100650387
622805	100653275
622805	100653298
622805	100653986
622805	100653323
622805	100653898
9551598	100653403
9551598	100653785
9551598	100653351
9551598	100653740
9551598	100651182
9551598	100653986
9551598	100654109
9551598	100653799
9551598	100653093
9551598	100650387
9551598	100653722
9551598	100651265
9551598	100653298
9551598	100653757
782830	100651432
782830	100653785
782830	100654112
782830	100654225
782830	100654243
782830	100653898
782830	100653403
782830	100654109
782830	100652872
782830	100654246
782830	100653986
782830	100653927
782830	100654014
782830	100653830
509576	100653403
509576	100653785
509576	100653724
509576	100653351
509576	100653757
509576	100653904
509576	100647712
509576	100653990
509576	100653720
509576	100651469
509576	100653601
509576	100651432
509576	100653830
509576	100653834
7052460	100647745
7052460	100647712
7052460	100647672
7052460	100651182
7052460	100652919
7052460	100650387
7052460	100650400
7052460	100653142
7052460	100652686
7052460	100653757
7052460	100653351
7052460	100653327
7052460	100652179
7052460	100650702
2190607	100653826
2190607	100653948
2190607	100653785
2190607	100653861
2190607	100653323
2190607	100653724
2190607	100653757
2190607	100653986
2190607	100653904
2190607	100654109
2190607	100651182
2190607	100653898
2190607	100653840
2190607	100653933
55184	100653403
55184	100653351
55184	100653785
55184	100654109
55184	100651182
55184	100653757
55184	100647745
55184	100650387
55184	100652919
55184	100647712
55184	100653948
55184	100653887
55184	100653327
55184	100653904
858154	100653403
858154	100653785
858154	100653351
858154	100654109
858154	100651182
858154	100653904
858154	100653757
858154	100653986
858154	100653948
858154	100653898
858154	100653323
858154	100647745
858154	100653720
858154	100652703
9663040	100653298
9663040	100653403
9663040	100653785
9663040	100652703
9663040	100651182
9663040	100647745
9663040	100653351
9663040	100654109
9663040	100653757
9663040	100653826
9663040	100653986
9663040	100653720
9663040	100650400
9663040	100653724
9953417	100653403
9953417	100653351
9953417	100647712
9953417	100647672
9953417	100650174
9953417	100650156
9953417	100653327
9953417	100651950
9953417	100651182
9953417	100647745
9953417	100650220
9953417	100652686
33131	100653403
33131	100653351
33131	100653785
33131	100651182
33131	100647745
33131	100653757
33131	100654109
33131	100650387
33131	100647712
33131	100653720
33131	100652919
33131	100653724
33131	100653948
33131	100647672
5020009	100653757
5020009	100653403
5020009	100653785
5020009	100653323
5020009	100653826
5020009	100653740
5020009	100654109
5020009	100653351
5020009	100653011
5020009	100653948
5020009	100654186
5020009	100653904
5020009	100652139
5020009	100650047
9069908	100647745
9069908	100647672
9069908	100647712
9069908	100651182
9069908	100652919
9069908	100650387
9069908	100653142
9069908	100650400
9069908	100653757
9069908	100653403
9069908	100652686
9069908	100652866
9069908	100651469
9069908	100650702
1004909	100647672
1004909	100647745
1004909	100647712
1004909	100653403
1004909	100653757
1004909	100651182
1004909	100603376
1004909	100652919
1004909	100651276
705574	100653403
705574	100653351
705574	100653785
705574	100653826
705574	100654109
705574	100651182
705574	100653757
705574	100647745
705574	100650387
705574	100653904
705574	100653986
705574	100653898
705574	100653323
705574	100653948
600572	100653403
600572	100653351
600572	100653757
600572	100651182
600572	100654109
600572	100653785
600572	100647745
600572	100653948
600572	100653986
600572	100650387
600572	100652866
600572	100652919
600572	100647672
600572	100647712
2298862	100653904
2298862	100653785
2298862	100653403
2298862	100654109
2298862	100653757
2298862	100653826
2298862	100653351
2298862	100651182
2298862	100653948
2298862	100653986
2298862	100647745
2298862	100653830
2298862	100653990
2298862	100653720
77384	100653403
77384	100653351
77384	100654109
77384	100653785
77384	100653757
77384	100651182
77384	100647745
77384	100653720
77384	100653948
77384	100650387
77384	100653904
77384	100652919
77384	100653898
77384	100653986
4459547	100653757
4459547	100653403
4459547	100653724
4459547	100653785
4459547	100652869
4459547	100653351
4459547	100653843
4459547	100653830
4459547	100653720
4459547	100653722
4459547	100647785
4459547	100653380
4459547	100596345
4459547	100654317
8702886	100653403
8702886	100653351
8702886	100651469
8702886	100651276
8702886	100647712
8702886	100653327
8702886	100647672
8702886	100651182
8702886	100650220
8702886	100653740
8702886	100651950
8702886	100653757
8702886	100652935
8702886	100651344
10111179	100647712
10111179	100647672
10111179	100647745
10111179	100651182
10111179	100652919
10111179	100651469
10111179	100650387
10111179	100653403
10111179	100653142
10111179	100653351
10111179	100652686
10111179	100651950
10111179	100653617
10111179	100508245
5874541	100653403
5874541	100653351
5874541	100647712
5874541	100651469
5874541	100650702
5874541	100653327
5874541	100651344
5874541	100647745
5874541	100652919
5874541	100651182
5874541	100650689
5874541	100650639
5874541	100653757
5874541	100651880
80978	100653403
80978	100653351
80978	100653757
80978	100654109
80978	100651182
80978	100647745
80978	100650387
80978	100653785
80978	100652919
80978	100647712
80978	100653327
80978	100647672
80978	100653948
80978	100653323
6917492	100653403
6917492	100653826
6917492	100653757
6917492	100654014
6917492	100653351
6917492	100653461
2313320	100653403
2313320	100653351
2313320	100653327
2313320	100653757
2313320	100652179
2313320	100647712
2313320	100653275
2313320	100650220
2313320	100650174
449657	100653826
449657	100653785
449657	100654109
449657	100653403
449657	100653757
449657	100653986
449657	100653933
449657	100654022
449657	100653990
449657	100653904
449657	100652866
449657	100653948
449657	100653724
449657	100653323
911748	100653601
911748	100653785
911748	100653532
911748	100653345
911748	100652703
911748	100651404
911748	100652571
911748	100653019
911748	100653323
911748	100653904
911748	100654109
911748	100653527
911748	100653948
911748	100653933
7302461	100653403
7302461	100653785
7302461	100653826
7302461	100653757
7302461	100653724
7302461	100653351
7302461	100654109
7302461	100647712
7302461	100653986
7302461	100651182
7302461	100653720
7302461	100647745
7302461	100652919
7302461	100647672
2354500	100653785
2354500	100653986
2354500	100654109
2354500	100653724
2354500	100653830
2354500	100653948
2354500	100653904
2354500	100653990
2354500	100653720
2354500	100653298
2354500	100653861
2354500	100653887
2354500	100653834
2354500	100653465
4043436	100653403
4043436	100651469
4043436	100653351
4043436	100653740
4043436	100653362
4043436	100651182
4043436	100647712
4043436	100653327
4043436	100647672
4043436	100650220
4043436	100651276
4043436	100651950
4043436	100653757
4043436	100639075
4980788	100653403
4980788	100653785
4980788	100652703
4980788	100653757
4980788	100653720
4980788	100654109
4980788	100653986
4980788	100653465
4980788	100653142
4980788	100652866
4980788	100653323
4980788	100653740
4980788	100654022
4980788	100654365
1127171	100653403
1127171	100653351
1127171	100653757
1127171	100651182
1127171	100647745
1127171	100650387
1127171	100653298
1127171	100652919
1127171	100653785
1127171	100647712
1127171	100647672
1127171	100653724
1127171	100653327
1127171	100654109
38940	100653403
38940	100653351
38940	100651182
38940	100647745
38940	100653757
38940	100647712
38940	100650387
38940	100652919
38940	100647672
38940	100653785
38940	100653327
38940	100653275
38940	100652686
38940	100651950
9621570	100647712
9621570	100647672
9621570	100647745
9621570	100651182
9621570	100652919
9621570	100651469
9621570	100650387
9621570	100653403
9621570	100653142
9621570	100653351
9621570	100652686
9621570	100651950
9621570	100653617
9621570	100508245
460963	100647745
460963	100651182
460963	100647672
460963	100647712
460963	100650400
460963	100651469
460963	100652179
460963	100652686
460963	100651950
3569760	100653757
3569760	100653403
3569760	100653826
3569760	100654153
3569760	100653351
10028722	100653403
10028722	100653351
10028722	100651469
10028722	100653327
10028722	100651950
10028722	100651276
10028722	100651344
10028722	100650702
10028722	100650220
10028722	100651182
10028722	100652655
10028722	100651880
10028722	100653275
10028722	100651265
8413278	100653403
8413278	100650702
8413278	100653351
8413278	100651182
8413278	100651950
8413278	100650689
8413278	100651344
8413278	100653327
8413278	100647712
8413278	100651247
8413278	100651276
8413278	100651265
8413278	100650639
8413278	100653757
5184880	100653757
5184880	100653826
5184880	100653403
5184880	100653351
9555870	100653785
9555870	100653986
9555870	100651676
9555870	100653298
9555870	100654246
9555870	100654022
9555870	100653724
9555870	100653740
9555870	100653720
9555870	100652703
9555870	100651182
9555870	100654109
9555870	100653948
9555870	100653990
491490	100653403
491490	100653351
491490	100654109
491490	100651182
491490	100653785
491490	100653757
491490	100647745
491490	100650387
491490	100652919
491490	100653948
491490	100653323
491490	100647712
491490	100653720
491490	100653986
4158943	100653757
4158943	100653403
4158943	100653826
596511	100653403
596511	100653785
596511	100653351
596511	100654109
596511	100651182
596511	100653757
596511	100653986
596511	100653323
596511	100647745
596511	100653948
596511	100650387
596511	100652703
596511	100653826
596511	100653904
6009173	100653403
6009173	100653785
6009173	100653351
6009173	100653904
6009173	100654109
6009173	100651182
6009173	100653757
6009173	100647745
6009173	100653724
6009173	100650387
6009173	100653720
6009173	100654046
6009173	100654112
6009173	100653898
85727	100653403
85727	100653351
85727	100651182
85727	100647745
85727	100653757
85727	100653327
85727	100653275
85727	100647712
85727	100653104
85727	100650387
85727	100647672
85727	100652919
85727	100652935
85727	100653785
5843275	100653403
5843275	100653351
5843275	100653327
5843275	100647712
5843275	100653275
5843275	100653104
5843275	100651182
5843275	100647745
5843275	100651276
5843275	100652935
5843275	100652686
5843275	100653757
5843275	100650702
5843275	100650689
27337	100653403
27337	100653351
27337	100651182
27337	100653785
27337	100653757
27337	100647745
27337	100653948
27337	100650387
27337	100652703
27337	100652919
27337	100653720
27337	100654109
27337	100647712
27337	100653986
3570729	100653757
3570729	100653403
3570729	100653826
3570729	100652773
3570729	100653675
3570729	100647745
3570729	100653351
3570729	100653904
3570729	100653887
3570729	100653834
3570729	100653785
3570729	100654303
3570729	100653990
3570729	100653298
678774	100653757
678774	100653826
678774	100653403
222630	100653757
222630	100653403
222630	100653351
222630	100653785
222630	100647672
222630	100647745
222630	100651182
222630	100652866
222630	100653298
222630	100647712
222630	100653826
222630	100651469
222630	100653327
222630	100653724
7219643	100653403
7219643	100653351
7219643	100650702
7219643	100651469
7219643	100653327
7219643	100651344
7219643	100651950
7219643	100650220
7219643	100647712
7219643	100653275
7219643	100653757
7219643	100650689
7219643	100651276
7219643	100653298
440129	100653403
440129	100653351
440129	100653785
440129	100653826
440129	100654109
440129	100653724
440129	100651182
440129	100653948
440129	100653904
440129	100647745
440129	100653757
440129	100650387
440129	100653861
440129	100653986
1387571	100653403
1387571	100653948
1387571	100653757
1387571	100647672
7639382	100653403
7639382	100653351
7639382	100653327
7639382	100653275
7639382	100651469
7639382	100647745
7639382	100653757
7639382	100650400
7639382	100651950
7639382	100653826
7639382	100651182
7639382	100651276
7639382	100651344
7639382	100653104
452683	100653403
452683	100653351
452683	100653757
452683	100651182
452683	100647745
452683	100653785
452683	100650387
452683	100652919
452683	100647712
452683	100654109
452683	100653327
452683	100647672
452683	100653826
452683	100653990
2715003	100653403
2715003	100653351
2715003	100653327
2715003	100650220
2715003	100653275
2715003	100653104
471642	100653986
471642	100653826
471642	100653785
471642	100654109
471642	100653948
471642	100653724
471642	100653990
471642	100653601
471642	100653861
471642	100652703
471642	100654022
471642	100653722
471642	100653323
471642	100653904
129961	100653403
129961	100653826
129961	100653351
129961	100653785
129961	100651182
129961	100653757
129961	100653724
129961	100654109
129961	100647745
129961	100653986
129961	100653720
129961	100650387
129961	100653298
129961	100652919
1985329	100653826
1985329	100653757
1985329	100653461
1985329	100653403
599212	100653403
599212	100653933
599212	100653804
599212	100653785
599212	100653351
599212	100654022
599212	100653826
1587831	100653403
1587831	100653757
1587831	100653826
1587831	100653351
1587831	100652586
1587831	100653720
1587831	100653298
4843363	100653403
4843363	100653298
4843363	100653785
4843363	100653986
4843363	100653351
4843363	100654109
4843363	100651182
4843363	100653990
4843363	100653757
4843363	100653904
4843363	100653898
4843363	100653720
4843363	100653724
4843363	100647745
4233403	100653403
4233403	100653757
4233403	100653351
4233403	100653785
4233403	100647745
4233403	100651182
4233403	100650387
4233403	100653948
4233403	100652919
4233403	100647712
4233403	100653826
4233403	100654109
4233403	100647672
4233403	100653765
168914	100653403
168914	100654109
168914	100653351
168914	100653601
168914	100653785
168914	100652703
168914	100651469
168914	100653887
168914	100653298
168914	100647712
168914	100653990
168914	100653986
168914	100653927
168914	100653948
7188335	100653757
7188335	100653403
7188335	100653826
7188335	100653986
7188335	100652703
7188335	100651950
7188335	100651880
7188335	100650702
7188335	100654014
7188335	100653765
7188335	100650387
7188335	100653554
7188335	100653904
7188335	100653785
5163949	100647712
5163949	100647672
5163949	100647745
5163949	100651182
5163949	100652919
5163949	100650387
5163949	100651469
5163949	100653142
5163949	100650400
5163949	100653617
5163949	100508245
5163949	100653403
5163949	100653785
5163949	100650220
323452	100652866
323452	100653298
323452	100653785
323452	100651182
323452	100647745
323452	100653757
323452	100652179
323452	100653403
323452	100653904
323452	100653826
323452	100653675
323452	100654109
323452	100653948
323452	100653014
627665	100653403
627665	100653351
627665	100651182
627665	100653785
627665	100653826
627665	100653757
627665	100647745
627665	100650387
627665	100653720
627665	100652919
627665	100653948
627665	100653904
627665	100654109
627665	100652703
3063787	100653785
3063787	100654109
3063787	100653720
3063787	100653904
3063787	100653948
3063787	100653986
3063787	100653830
3063787	100653898
3063787	100653887
3063787	100653601
3063787	100653722
3063787	100653927
3063787	100653826
3063787	100653834
2796706	100653403
2796706	100653351
2796706	100653327
2796706	100653275
2796706	100653104
2796706	100652935
5464235	100653826
5464235	100653757
5464235	100653403
5464235	100653461
5464235	100653298
5464235	100652773
980495	100647672
980495	100647745
980495	100647712
980495	100651182
980495	100653757
980495	100653298
980495	100652686
980495	100652418
3612320	100652919
3612320	100647672
3612320	100647712
3612320	100651182
3612320	100653757
3612320	100653948
3612320	100652686
3612320	100603376
3612320	100653403
3612320	100653351
3612320	100653327
1916800	100653757
1916800	100653826
1916800	100654153
1916800	100654014
1916800	100653298
1916800	100653461
2284739	100653757
2284739	100653826
2284739	100654153
2284739	100654317
3781947	100654109
3781947	100653323
3781947	100653785
3781947	100653986
3781947	100651308
3781947	100654178
3781947	100647672
3781947	100652703
3781947	100653722
3781947	100653403
3781947	100653948
3781947	100653757
3781947	100653465
3781947	100651432
942644	100653403
942644	100652686
942644	100651276
942644	100650527
942644	100653275
942644	100653351
15250	100653403
15250	100653785
15250	100653351
15250	100654109
15250	100651182
15250	100653757
15250	100647745
15250	100650387
15250	100652919
15250	100653323
15250	100647712
15250	100653722
15250	100653720
15250	100653298
451226	100653904
451226	100653785
451226	100653323
451226	100653557
451226	100653757
451226	100654237
451226	100653529
451226	100653617
451226	100653986
451226	100651410
451226	100653722
451226	100653948
451226	100653759
451226	100653830
6332290	100653757
6332290	100653826
6332290	100653403
6332290	100653461
6332290	100653904
6332290	100653351
6332290	100654014
10445222	100647672
10445222	100647712
10445222	100647745
10445222	100651182
10445222	100652919
10445222	100653142
10445222	100652866
10445222	100650387
10445222	100653757
10445222	100653617
10445222	100653403
10445222	100651469
10445222	100473516
10445222	100653247
2925756	100653757
2925756	100653826
2925756	100654014
2925756	100653403
2925756	100653351
2925756	100653461
6646967	100653785
6646967	100653904
6646967	100652866
6646967	100653403
6646967	100654109
6646967	100653351
6646967	100653948
6646967	100651182
6646967	100653757
6646967	100653826
6646967	100653298
6646967	100653142
6646967	100647745
6646967	100653986
697486	100653403
697486	100653826
697486	100653351
697486	100652586
697486	100653757
1888129	100653757
1888129	100653785
1888129	100653724
1888129	100653403
1888129	100653298
1888129	100653826
1888129	100647712
1888129	100653759
1888129	100653244
1888129	100651502
1888129	100647745
1888129	100652267
1888129	100652866
1888129	100653765
299923	100647745
299923	100647712
299923	100647672
299923	100651182
299923	100652919
299923	100650387
299923	100653757
299923	100652686
1109151	100653785
1109151	100653724
1109151	100653757
1109151	100653720
1109151	100653351
1109151	100653826
1109151	100653822
1109151	100653403
1109151	100653722
1109151	100654046
1109151	100654186
1109151	100653904
1109151	100647672
1109151	100653763
171156	100653403
171156	100653757
171156	100653826
171156	100652586
171156	100650387
171156	100653351
171156	100653785
171156	100652919
171156	100651676
171156	100651182
171156	100649189
6859884	100653403
6859884	100653351
6859884	100651469
6859884	100650220
6859884	100651950
6859884	100647712
6859884	100653327
6859884	100651344
6859884	100651276
6859884	100653757
6859884	100653617
6859884	100650702
1570435	100650387
1570435	100647672
1570435	100652919
1570435	100653403
1570435	100653948
1570435	100651182
1570435	100647745
981436	100650387
981436	100647672
981436	100652919
981436	100653403
981436	100653948
981436	100653757
981436	100651182
3867162	100653757
3867162	100653826
3867162	100652773
3867162	100653675
3867162	100654303
3867162	100654034
3867162	100653990
3867162	100653323
3867162	100653298
3867162	100653093
3867162	100652866
3867162	100654312
3867162	100653785
3867162	100645974
5806609	100653757
5806609	100653403
5806609	100653826
5806609	100654014
5806609	100653904
5806609	100653351
909623	100653601
909623	100653532
909623	100652919
909623	100653840
909623	100653298
909623	100653933
909623	100650400
909623	100651182
909623	100653785
909623	100612707
909623	100612719
909623	100651324
909623	100647926
909623	100653904
1262118	100650387
1262118	100652919
1262118	100653403
1262118	100653948
1262118	100647672
1262118	100651182
5852127	100651182
5852127	100652919
5852127	100650387
5852127	100647672
5852127	100647745
5852127	100653403
5852127	100647712
344047	100653757
344047	100653403
344047	100647745
344047	100647672
344047	100653785
344047	100652655
344047	100647712
344047	100653351
344047	100653724
344047	100651182
344047	100653948
7764660	100647745
7764660	100647712
7764660	100647672
7764660	100651182
7764660	100652919
7764660	100650387
7764660	100653403
7764660	100653757
7764660	100651469
7764660	100652686
7764660	100650702
7764660	100650689
7764660	100650639
7764660	100651950
88741	100653785
88741	100653597
88741	100653933
88741	100653403
88741	100653948
88741	100654109
88741	100653757
88741	100653722
88741	100653861
88741	100653720
88741	100635560
88741	100653724
88741	100653298
88741	100653765
1379321	100653403
1379321	100653826
1379321	100653351
1379321	100653757
1379321	100650387
1379321	100652919
1379321	100647712
1379321	100647672
1379321	100652773
1379321	100647745
1379321	100651182
1379321	100654034
1379321	100652586
1379321	100653785
185344	100653403
185344	100653785
185344	100653351
185344	100651182
185344	100653757
185344	100647745
185344	100653298
185344	100653724
185344	100650387
185344	100652919
185344	100647712
185344	100653323
185344	100654109
185344	100653327
9976302	100653785
9976302	100653403
9976302	100653298
9976302	100651182
9976302	100653351
9976302	100652703
9976302	100653757
9976302	100647745
9976302	100653724
9976302	100654109
9976302	100653720
9976302	100653904
9976302	100653861
9976302	100653986
3706829	100647745
3706829	100652919
3706829	100647672
3706829	100653757
3706829	100603376
3706829	100647712
3706829	100651182
872456	100652866
872456	100654109
872456	100653785
872456	100653904
872456	100653948
872456	100653403
872456	100654186
872456	100653323
872456	100653986
872456	100653861
872456	100653724
872456	100653720
872456	100653990
872456	100653826
2890201	100653403
2890201	100653351
2890201	100652686
2890201	100653757
3934676	100653403
3934676	100653757
3934676	100653351
3934676	100647745
3934676	100651182
3934676	100653785
3934676	100652866
3934676	100650387
3934676	100653298
3934676	100653904
3934676	100653675
3934676	100652919
3934676	100647712
3934676	100647672
451490	100653403
451490	100653351
451490	100651182
451490	100653757
451490	100647745
451490	100650387
451490	100653785
451490	100652919
451490	100647672
451490	100647712
451490	100654109
451490	100653327
451490	100653275
451490	100652866
8762410	100653785
8762410	100653403
8762410	100653724
8762410	100653298
8762410	100654109
8762410	100653904
8762410	100653351
8762410	100653757
8762410	100653720
8762410	100647745
8762410	100653722
8762410	100651182
8762410	100654186
8762410	100653986
349088	100653403
349088	100653351
349088	100653785
349088	100653948
349088	100654109
349088	100652586
349088	100651182
349088	100653757
349088	100647745
349088	100653298
349088	100652139
349088	100653323
349088	100650387
349088	100653904
767180	100653617
767180	100653142
767180	100653298
767180	100651182
767180	100647745
767180	100647712
767180	100647672
767180	100650759
767180	100653247
767180	100654046
767180	100652866
767180	100653785
767180	100473516
767180	100653011
6368158	100653757
6368158	100653403
6368158	100653461
6368158	100654153
6368158	100653826
6368158	100651276
6368158	100647712
869423	100653986
869423	100653785
869423	100653765
869423	100653403
869423	100653712
869423	100653826
869423	100653617
869423	100652655
869423	100654022
869423	100653298
869423	100653724
869423	100653904
869423	100653757
869423	100653380
9516084	100653403
9516084	100653351
9516084	100653785
9516084	100651182
9516084	100653298
9516084	100653757
9516084	100650387
9516084	100654109
9516084	100647745
9516084	100653722
9516084	100653826
9516084	100652919
9516084	100653986
9516084	100653244
195648	100653403
195648	100653351
195648	100653757
195648	100651182
195648	100647745
195648	100650387
195648	100647712
195648	100652919
195648	100653785
195648	100647672
195648	100653327
195648	100654109
195648	100653720
195648	100653275
3951684	100653826
3951684	100653757
3951684	100653461
3951684	100654317
3951684	100647712
3951684	100653785
3951684	100654186
3951684	100653403
5302723	100653757
5302723	100653826
5302723	100654153
5302723	100653461
626718	100653785
626718	100653298
626718	100653724
626718	100653757
626718	100653826
626718	100654109
626718	100653720
626718	100653722
626718	100653323
626718	100653351
626718	100653948
626718	100653403
626718	100653244
626718	100653532
4641991	100651182
4641991	100647745
4641991	100647672
4641991	100650400
4641991	100650387
4641991	100647712
4641991	100652919
4641991	100653298
4641991	100653403
4641991	100653785
4641991	100652866
4641991	100651469
4641991	100653757
4641991	100651950
591699	100653785
591699	100653724
591699	100653720
591699	100654109
591699	100653898
591699	100652703
591699	100654112
591699	100653757
591699	100653298
591699	100653861
591699	100653527
591699	100653986
591699	100653826
591699	100653990
3240252	100653757
3240252	100653403
3240252	100653826
3240252	100653461
3240252	100653351
3240252	100647712
3240252	100654365
3240252	100654303
3240252	100653990
3240252	100652773
990604	100653757
990604	100653826
990604	100653403
990604	100653948
990604	100647672
6257044	100653403
6257044	100653757
6257044	100653826
6257044	100654153
6257044	100653351
3012714	100647745
3012714	100647672
3012714	100647712
3012714	100651182
3012714	100652919
3012714	100653757
3012714	100650387
3012714	100650400
3012714	100603376
3012714	100651469
24651	100653403
24651	100653351
24651	100651182
24651	100647745
24651	100653757
24651	100647712
24651	100650387
24651	100652919
24651	100647672
24651	100653327
24651	100653785
24651	100653275
24651	100651950
24651	100652686
172343	100653785
172343	100653403
172343	100653826
172343	100653904
172343	100653557
172343	100653757
172343	100653351
172343	100653617
172343	100653323
172343	100653861
172343	100653933
172343	100651432
172343	100652523
172343	100654109
1050021	100653403
1050021	100647672
1050021	100647745
568508	100653785
568508	100652703
568508	100653724
568508	100653986
568508	100653403
568508	100653465
568508	100653948
568508	100653720
568508	100654109
568508	100654022
568508	100653904
568508	100653898
568508	100653933
568508	100653990
9675620	100653403
9675620	100653351
9675620	100653785
9675620	100653757
9675620	100647745
9675620	100652773
9675620	100651182
9675620	100652179
9675620	100647712
9675620	100653298
9675620	100653826
9675620	100654109
9675620	100647672
9675620	100653327
10535203	100653403
10535203	100653351
10535203	100653327
10535203	100653275
10535203	100653785
10535203	100653104
10535203	100652935
10535203	100651469
10535203	100651950
10535203	100653757
10535203	100651265
10535203	100647745
10535203	100653298
10535203	100651344
8220115	100650488
8220115	100650617
8220115	100650220
8220115	100650261
8220115	100650444
8220115	100650677
8220115	100649924
8220115	100650144
8220115	100650156
8220115	100650174
8220115	100653403
8220115	100651265
8220115	100650696
8220115	100650720
9494654	100653403
9494654	100653351
9494654	100651950
9494654	100651880
9494654	100651469
9494654	100653327
9494654	100653275
9494654	100651809
9494654	100653104
9494654	100652271
9494654	100652935
9494654	100652788
9494654	100652447
9494654	100652409
8702602	100653785
8702602	100653724
8702602	100653722
8702602	100653298
8702602	100653403
8702602	100653720
8702602	100654109
8702602	100653904
8702602	100651182
8702602	100653351
8702602	100654186
8702602	100653244
8702602	100653948
8702602	100653323
3039497	100653785
3039497	100653757
3039497	100652866
3039497	100653403
3039497	100653724
3039497	100653219
3039497	100653765
3039497	100653826
3039497	100653464
3039497	100650231
3039497	100653601
3039497	100653720
3039497	100654109
3039497	100653948
1224962	100653403
1224962	100647712
1224962	100647745
1224962	100651182
1224962	100653351
1224962	100653785
1224962	100651950
1224962	100653757
1224962	100651469
1224962	100652655
1224962	100647672
1224962	100652919
1224962	100651432
1224962	100491383
9054590	100653403
9054590	100653785
9054590	100653351
9054590	100653757
9054590	100654109
9054590	100653948
9054590	100653465
9054590	100653298
9054590	100653724
9054590	100653986
9054590	100653830
9054590	100653720
9054590	100653597
9054590	100653904
423441	100647745
423441	100647712
423441	100653403
423441	100651182
423441	100653351
423441	100652866
7682201	100653403
7682201	100653351
7682201	100653327
7682201	100653275
7682201	100653104
7682201	100652935
7682201	100652817
7682201	100652788
7682201	100652447
7682201	100652409
7682201	100651469
7682201	100650702
7682201	100652271
7682201	100651950
2670267	100647745
2670267	100651182
2670267	100647672
2670267	100647712
2670267	100652919
2670267	100650387
677411	100654109
677411	100653323
677411	100653986
677411	100653948
677411	100653403
677411	100653785
677411	100653887
677411	100653904
677411	100653722
677411	100653601
677411	100653927
677411	100653872
677411	100653869
677411	100653930
324372	100653403
324372	100653351
324372	100654109
324372	100653785
324372	100651182
324372	100653757
324372	100653826
324372	100650387
324372	100647745
324372	100653948
324372	100653986
324372	100653724
324372	100652919
324372	100653861
8804	100647745
8804	100647672
8804	100647712
8804	100651182
8804	100473516
8804	100653757
8815	100653403
8815	100653785
8815	100653757
8815	100653351
8815	100653724
8815	100654109
8815	100651182
8815	100653298
8815	100647745
8815	100653720
8815	100653904
8815	100650387
8815	100653948
8815	100653722
8757893	100653403
8757893	100653351
8757893	100651469
8757893	100651276
8757893	100647712
8757893	100653327
8757893	100647672
8757893	100651182
8757893	100650220
8757893	100653740
8757893	100651950
8757893	100653757
8757893	100652935
8757893	100651344
1044672	100653785
1044672	100653601
1044672	100653826
1044672	100654109
1044672	100653532
1044672	100653722
1044672	100653757
1044672	100653830
1044672	100653904
1044672	100651432
1044672	100653986
1044672	100647672
1044672	100647712
1044672	100653977
833127	100653785
833127	100653403
833127	100653757
833127	100653351
833127	100651182
833127	100653298
833127	100647745
833127	100654109
833127	100653724
833127	100647672
833127	100653142
833127	100653617
833127	100647712
833127	100653986
534165	100653403
534165	100653351
534165	100653327
534165	100653757
534165	100653275
534165	100650220
534165	100650174
3997878	100653757
3997878	100653826
3997878	100653785
3997878	100653461
3997878	100651182
186006	100653403
186006	100653757
186006	100651469
186006	100653351
186006	100652866
186006	100653933
186006	100653804
186006	100653785
186006	100654022
186006	100653740
186006	100647712
186006	100653597
186006	100650702
186006	100651676
127942	100653403
127942	100653785
127942	100653351
127942	100653826
127942	100651182
127942	100647745
127942	100653757
127942	100650387
127942	100654109
127942	100652919
127942	100647712
127942	100653904
127942	100653327
127942	100653323
7202180	100653403
7202180	100653351
7202180	100653327
7202180	100653275
7202180	100652686
7202180	100652817
7202180	100653104
7202180	100652935
7202180	100652168
7202180	100652788
7202180	100652447
7202180	100652409
7202180	100652271
7202180	100652179
634657	100653403
634657	100653990
634657	100653740
634657	100654022
634657	100653785
634657	100653757
634657	100654303
634657	100652773
634657	100653529
634657	100653327
634657	100652703
634657	100651469
634657	100623051
634657	100653606
154401	100653403
154401	100653785
154401	100654109
154401	100653351
154401	100653724
154401	100653904
154401	100653757
154401	100651182
154401	100653826
154401	100653720
154401	100653298
154401	100647745
154401	100653948
154401	100650387
7121364	100653403
7121364	100653351
7121364	100653327
7121364	100650174
7121364	100653757
7121364	100653275
7121364	100650220
7121364	100652686
7121364	100651344
7121364	100650156
9295152	100653403
9295152	100653351
9295152	100647712
9295152	100647672
9295152	100647745
9295152	100653327
9295152	100651182
9295152	100651469
9295152	100653275
9295152	100651950
9295152	100652935
9295152	100650400
9295152	100650702
9295152	100653104
1688884	100653403
1688884	100651182
1688884	100653826
1688884	100647745
1688884	100647712
1688884	100653757
1688884	100653904
1688884	100653351
2095194	100653724
2095194	100653785
2095194	100653722
2095194	100653822
2095194	100653720
2095194	100653826
2095194	100653898
2095194	100653298
2095194	100653986
2095194	100653757
2095194	100653830
2095194	100653904
2095194	100653458
2095194	100654112
16434	100647745
16434	100647712
16434	100647672
16434	100651182
16434	100652919
16434	100650387
16434	100652686
16434	100653757
16434	100651469
16434	100651950
16434	100652179
16434	100650702
16434	100650639
16434	100650689
2826963	100653403
2826963	100653351
2826963	100653327
884517	100653826
884517	100647672
884517	100653757
884517	100647712
884517	100647745
884517	100653785
884517	100653403
884517	100652919
21070	100653826
21070	100653785
21070	100653757
21070	100652703
21070	100652586
21070	100653840
21070	100653861
21070	100653765
21070	100653724
21070	100653986
21070	100653554
21070	100653403
21070	100652139
21070	100653755
109441	100653403
109441	100653351
109441	100651182
109441	100653757
109441	100647745
109441	100650387
109441	100652919
109441	100653785
109441	100647712
109441	100653327
109441	100654109
109441	100647672
109441	100654022
109441	100653804
134001	100653403
134001	100653351
134001	100653323
134001	100653675
134001	100653765
134001	100653298
134001	100653093
134001	100652866
134001	100652773
134001	100654186
134001	100653740
134001	100651469
134001	100651344
134001	100650702
1148701	100653403
1148701	100653757
1148701	100647745
1148701	100653351
1148701	100652773
1148701	100653826
1148701	100647672
1148701	100654034
1148701	100654178
1148701	100652866
1148701	100651469
1148701	100650702
593692	100653403
593692	100653351
593692	100653275
997466	100653785
997466	100653724
997466	100653720
997466	100653757
997466	100653826
997466	100653298
997466	100653948
997466	100653244
997466	100653822
997466	100653617
997466	100653765
997466	100653403
997466	100653763
997466	100653986
2588014	100653785
2588014	100653724
2588014	100653720
2588014	100653830
2588014	100653904
2588014	100654109
2588014	100653757
2588014	100652866
2588014	100653551
2588014	100653818
2588014	100653722
2588014	100653527
2588014	100653465
2588014	100654243
9231736	100653826
9231736	100653403
9231736	100653785
9231736	100653757
9231736	100653351
9231736	100653724
9231736	100654109
9231736	100651182
9231736	100647745
9231736	100653298
9231736	100647712
9231736	100653323
9231736	100653465
9231736	100647672
2632227	100653757
2632227	100654109
2632227	100653826
2632227	100653785
2632227	100653986
2632227	100652703
2632227	100654112
2632227	100654011
2632227	100653990
2632227	100653898
2632227	100654243
2632227	100653011
2632227	100653617
2632227	100653403
868223	100653403
868223	100653785
868223	100653757
868223	100653351
868223	100653904
868223	100653323
868223	100654109
868223	100653898
868223	100653724
868223	100652139
868223	100653986
868223	100653826
868223	100653298
868223	100653720
2964085	100653403
2964085	100653351
2964085	100653327
2964085	100653275
2964085	100651469
2964085	100647672
2964085	100653104
2964085	100652935
2964085	100652817
2964085	100651950
2964085	100647745
2964085	100647712
721538	100653403
721538	100653826
721538	100653904
721538	100653757
721538	100653861
721538	100653724
721538	100653785
721538	100635560
721538	100653948
721538	100653323
721538	100653378
721538	100654109
721538	100653843
721538	100653840
1308764	100647672
1308764	100647712
1308764	100647745
1308764	100651182
1308764	100653403
1308764	100652919
1308764	100653142
1308764	100651950
1308764	100653948
1308764	100653351
1308764	100651469
3584586	100653403
3584586	100653351
3584586	100652935
3584586	100653275
3584586	100653327
3584586	100652409
3584586	100652447
3584586	100652271
3584586	100652788
3584586	100653104
3584586	100652817
3584586	100652168
3584586	100652086
3584586	100652020
3510932	100647672
3510932	100647745
3510932	100647712
3510932	100652919
3510932	100651182
3510932	100650387
3510932	100651469
3510932	100653403
3510932	100651950
3510932	100653142
3510932	100653757
3510932	100653351
3510932	100652686
3510932	100650702
4282967	100653403
4282967	100653351
4282967	100653327
4282967	100653275
4282967	100653104
4282967	100652935
4282967	100651469
4282967	100647745
4282967	100651276
4282967	100651950
4282967	100652686
4282967	100650702
4282967	100653757
4282967	100652817
4569644	100653757
4569644	100653826
4569644	100654153
4569644	100651182
4569644	100650759
4569644	100654317
1268361	100653403
1268361	100653826
1268361	100653606
1268361	100653465
1268361	100653351
1268361	100653244
1268361	100652586
1268361	100653757
1268361	100652773
3977816	100653826
3977816	100653757
3977816	100653461
3977816	100654317
4047507	100653757
4047507	100653826
4047507	100653785
4047507	100654317
4047507	100653724
4047507	100651182
4047507	100653720
4047507	100654312
586401	100653785
586401	100653757
586401	100653298
586401	100647672
586401	100647712
586401	100653403
586401	100653724
586401	100653722
586401	100653826
586401	100653617
586401	100653142
586401	100653765
586401	100653986
586401	100654109
551006	100653785
551006	100652866
551006	100653403
551006	100653298
551006	100643061
551006	100650231
551006	100653757
551006	100653720
551006	100635560
551006	100653986
551006	100651982
551006	100653765
551006	100653712
551006	100653617
942638	100653403
942638	100650220
942638	100653351
942638	100652686
942638	100650702
942638	100647672
68254	100653785
68254	100653298
68254	100653724
68254	100653757
68254	100653861
68254	100653142
68254	100653617
68254	100653323
68254	100653904
68254	100653826
68254	100654022
68254	100653219
68254	100649064
68254	100652545
4088389	100653861
4088389	100653403
4088389	100653458
4088389	100653785
4088389	100653351
4088389	100654109
4088389	100653898
4088389	100653720
4088389	100653904
4088389	100653757
4088389	100653465
4088389	100653597
4088389	100653826
4088389	100653527
9246709	100653826
9246709	100653757
9246709	100653403
9246709	100653785
9246709	100653378
9246709	100654237
9246709	100653298
9246709	100654303
9246709	100653948
9246709	100653861
9246709	100653323
9246709	100653011
9246709	100653836
9246709	100644772
223743	100653785
223743	100653757
223743	100647672
223743	100653724
223743	100653729
223743	100653551
223743	100653527
223743	100654390
223743	100623183
223743	100634311
223743	100635938
223743	100638692
223743	100644736
223743	100645537
4073594	100653757
4073594	100653403
4073594	100653826
159969	100653757
159969	100653785
159969	100653403
159969	100653826
159969	100653554
159969	100651182
159969	100653904
159969	100653351
159969	100653948
159969	100653724
3717336	100653826
3717336	100653757
3717336	100653461
3717336	100654317
3717336	100647712
3717336	100637433
3717336	100633901
3717336	100603422
3717336	100510169
3717336	100454955
248022	100653785
248022	100653904
248022	100653403
248022	100653724
248022	100653298
248022	100654109
248022	100653986
248022	100647745
248022	100653351
248022	100653722
248022	100651182
248022	100653720
248022	100653763
248022	100653757
5769409	100653403
5769409	100653757
5769409	100647745
5769409	100653351
5769409	100647672
5769409	100653826
5769409	100652773
2191691	100653403
2191691	100653826
2191691	100653785
2191691	100653724
2191691	100653351
2191691	100652586
2191691	100653757
2807992	100652919
2807992	100651182
2807992	100647672
2807992	100650702
2807992	100650387
2807992	100647712
2807992	100651344
2807992	100653757
2807992	100508245
2807992	100647745
2807992	100650689
2807992	100603376
2807992	100653403
2807992	100651469
5521582	100653403
5521582	100653826
5521582	100653757
5521582	100652773
5521582	100653351
5521582	100647712
5521582	100654303
5521582	100653990
5521582	100637433
5521582	100633901
5521582	100603422
5521582	100510169
5521582	100454955
5521582	100654186
3982694	100653826
3982694	100653757
3982694	100653461
3982694	100654153
4126874	100653826
4126874	100653757
4126874	100653461
4126874	100654153
9649975	100647745
9649975	100647672
9649975	100651182
9649975	100647712
9649975	100650400
9649975	100653403
9649975	100652919
9649975	100653757
9649975	100653298
9649975	100653785
9649975	100652866
9649975	100653351
9649975	100653142
9649975	100652523
5173390	100653757
5173390	100653826
5173390	100653403
5173390	100653298
5173390	100653351
942208	100653403
942208	100653351
942208	100653327
942208	100653275
942208	100653104
942208	100652935
2639999	100653403
2639999	100653757
2639999	100653351
2639999	100653826
2639999	100654317
2639999	100647712
1706098	100653403
1706098	100653351
1706098	100653327
1706098	100650220
1706098	100651469
1706098	100650702
1706098	100651344
1706098	100652866
1706098	100653977
1706098	100653826
1706098	100653757
1706098	100653710
1706098	100653986
1706098	100651276
4239593	100653757
4239593	100653826
4239593	100654153
878675	100653757
878675	100653403
878675	100653990
878675	100653785
878675	100653606
878675	100623051
878675	100654153
878675	100653830
878675	100653826
878675	100653461
878675	100651276
3035210	100653298
3035210	100653785
3035210	100651182
3035210	100653722
3035210	100654109
3035210	100647745
3035210	100653724
3035210	100653720
3035210	100653826
3035210	100653380
3035210	100653403
3035210	100650400
3035210	100654112
3035210	100653904
258118	100653757
258118	100653785
258118	100653826
258118	100653403
258118	100654014
258118	100653724
258118	100653986
258118	100653720
258118	100653298
258118	100654237
258118	100653011
264260	100652919
264260	100647672
264260	100653757
264260	100603376
264260	100647745
264260	100647712
5152832	100653757
5152832	100653826
5152832	100654153
5152832	100653461
5152832	100654014
5152832	100653986
6539313	100653403
6539313	100653826
6539313	100653830
6539313	100653904
6539313	100653757
6539313	100654034
6539313	100653822
6539313	100654014
6539313	100653351
6539313	100653990
6539313	100653785
6539313	100653606
6539313	100623051
1021995	100653403
1021995	100647712
1021995	100653351
1021995	100647672
1021995	100653327
1021995	100653275
1021995	100647745
3596327	100653757
3596327	100653403
3596327	100653826
3596327	100651276
3596327	100647712
3596327	100653351
272419	100647672
272419	100647712
272419	100647745
272419	100652919
272419	100651182
272419	100650387
272419	100653142
272419	100653403
272419	100653757
272419	100652686
272419	100650400
272419	100652773
272419	100652869
272419	100491383
2193421	100653403
2193421	100653757
2193421	100653826
2193421	100654153
2193421	100653351
2193421	100651276
2193421	100651182
2193421	100647745
2193421	100647712
9265163	100653834
9265163	100654109
9265163	100653785
9265163	100653826
9265163	100654382
9265163	100652866
9265163	100653724
9265163	100654303
9265163	100653887
9265163	100653493
9265163	100653822
9265163	100651017
9265163	100653529
9265163	100654246
5240835	100653403
5240835	100653351
5240835	100647712
5240835	100650702
5240835	100653327
5240835	100653826
5240835	100651880
5240835	100651950
5240835	100651469
5240835	100651809
5240835	100653275
5240835	100652418
5240835	100651126
5240835	100650416
3448834	100653403
3448834	100653351
3448834	100653757
3448834	100653327
3448834	100647712
3448834	100647745
3448834	100651276
3448834	100651469
3448834	100650400
3448834	100653826
3448834	100653275
3448834	100650702
3448834	100651950
3448834	100652655
7565542	100653298
7565542	100653785
7565542	100653403
7565542	100651182
7565542	100647745
7565542	100653757
7565542	100654109
7565542	100650400
7565542	100653351
7565542	100653986
7565542	100653724
7565542	100653904
7565542	100652866
7565542	100653142
254190	100647712
254190	100647672
254190	100647745
254190	100651182
254190	100651469
254190	100653757
254190	100653298
254190	100652686
254190	100473516
254190	100653403
254190	100650702
254190	100653826
254190	100652919
254190	100650387
3856888	100653826
3856888	100653757
3856888	100653554
3856888	100653461
3856888	100653724
5409175	100653757
5409175	100653826
5409175	100653403
5409175	100653351
5409175	100654153
5409175	100654014
8435493	100653403
8435493	100653351
8435493	100651276
8435493	100651265
8435493	100651247
8435493	100651469
8435493	100651344
8435493	100651215
8435493	100653327
8435493	100647745
8435493	100651950
8435493	100651880
8435493	100651809
8435493	100651659
9521641	100647672
9521641	100647712
9521641	100647745
9521641	100652919
9521641	100651182
9521641	100650387
9521641	100653142
9521641	100653757
9521641	100653403
9521641	100603376
9521641	100651469
9521641	100508245
9521641	100452523
9521641	100652262
4743654	100653757
4743654	100653826
4743654	100654153
4743654	100651182
4743654	100650759
1604068	100653757
1604068	100653826
1604068	100653461
4504013	100653403
4504013	100653351
4504013	100651469
4504013	100647712
4504013	100653757
4504013	100653826
4504013	100654014
4504013	100652682
4504013	100650220
4504013	100653461
4504013	100653327
4504013	100653308
4504013	100653275
819658	100653403
819658	100653351
819658	100651469
819658	100653757
819658	100647712
819658	100650220
819658	100651950
819658	100653948
819658	100653785
819658	100652655
819658	100651182
819658	100647745
819658	100651276
819658	100652773
1957096	100653403
1957096	100653826
1957096	100653757
1957096	100653351
1957096	100652586
1442244	100653757
1442244	100653826
1442244	100653461
1442244	100653403
1442244	100651182
1442244	100647745
1442244	100647712
1442244	100654153
1442244	100654014
1442244	100653785
4067774	100653757
4067774	100653826
4067774	100654317
4067774	100653403
4067774	100653461
4067774	100653785
4067774	100653724
5409204	100653403
5409204	100653757
5409204	100654046
5409204	100653986
5409204	100653826
5409204	100653351
5409204	100652773
1370526	100653403
1370526	100652919
1370526	100650387
1370526	100653351
1370526	100652655
1370526	100647712
1370526	100653757
1212827	100653757
1212827	100654153
1212827	100653826
1212827	100653461
65944	100653403
65944	100651182
65944	100650387
65944	100647672
65944	100652919
65944	100647712
8351723	100653757
8351723	100653826
8351723	100653403
8351723	100653724
8351723	100653785
8351723	100652418
8351723	100652703
8351723	100654109
8351723	100653554
8351723	100652686
8351723	100647712
8351723	100653298
8351723	100653327
8351723	100653986
2808063	100647712
2808063	100653403
2808063	100647672
2808063	100647745
2808063	100653351
2808063	100651182
2808063	100651950
2808063	100654178
2808063	100652919
1020293	100653403
1020293	100653351
1020293	100653986
1020293	100653904
1020293	100653757
1020293	100653557
4133250	100653826
4133250	100653757
4133250	100653554
4133250	100653461
4133250	100654317
3039616	100647672
3039616	100647745
3039616	100647712
3039616	100651182
3039616	100652919
3039616	100650387
3039616	100653757
3039616	100653142
3039616	100653403
3039616	100651469
3039616	100652686
3039616	100651950
3039616	100653826
3039616	100653729
1808766	100653757
1808766	100653826
1808766	100653403
1808766	100647712
1808766	100654153
1808766	100651276
1808766	100651182
1808766	100647745
1808766	100653362
1808766	100652418
1808766	100651126
1808766	100650416
182632	100653403
182632	100653351
182632	100653785
182632	100651182
182632	100653757
182632	100647745
182632	100650387
182632	100652919
182632	100647712
182632	100647672
182632	100654109
182632	100653298
182632	100653826
182632	100653327
1458520	100653403
1458520	100653351
1458520	100647745
1458520	100651182
1458520	100647712
1458520	100651950
1458520	100651469
1458520	100653740
1458520	100654034
1458520	100653757
1458520	100652655
1458520	100652788
1458520	100652447
1458520	100652409
3236520	100653757
3236520	100653785
3236520	100653826
3236520	100654014
3236520	100645974
3236520	100644720
3236520	100653554
3236520	100653904
3236520	100653403
3236520	100653986
3236520	100653724
3236520	100652703
3500361	100653757
3500361	100653826
3500361	100653403
3500361	100654014
3500361	100653351
3500361	100653830
3500361	100653461
3500361	100653785
3500361	100653904
61761	100653403
61761	100653351
61761	100653785
61761	100654109
61761	100653757
61761	100651182
61761	100653724
61761	100653948
61761	100653720
61761	100653986
61761	100647745
61761	100653990
61761	100653601
61761	100653298
10504501	100654014
10504501	100653898
10504501	100653840
10504501	100653904
10504501	100653990
10504501	100653554
10504501	100653861
10504501	100653763
10504501	100653785
10504501	100654109
10504501	100654112
10504501	100654186
10504501	100653601
10504501	100653720
3664172	100653826
3664172	100653757
3664172	100473516
3664172	100647672
3664172	100653554
3664172	100653724
3664172	100653378
3664172	100653142
3664172	100477112
3664172	100642897
3664172	100652418
3664172	100652866
3664172	100652898
3664172	100653244
2486566	100653757
2486566	100653826
2486566	100654153
2486566	100653403
2486566	100653298
2486566	100651182
2486566	100650759
598275	100653403
598275	100653351
598275	100647745
598275	100651182
598275	100647712
598275	100651344
598275	100651950
598275	100650702
598275	100653757
598275	100651469
598275	100653327
598275	100647672
598275	100652773
598275	100651276
1296724	100653403
1296724	100653351
1296724	100653327
1296724	100653757
1296724	100653275
1296724	100652866
1296724	100653826
1296724	100653104
1296724	100652935
1296724	100652817
1296724	100652682
3978209	100653757
3978209	100653826
3978209	100654153
3978209	100653461
4949545	100653785
4949545	100653403
4949545	100653757
4949545	100653351
4949545	100653724
4949545	100653298
4949545	100653720
4949545	100651182
4949545	100654109
4949545	100647745
4949545	100653948
4949545	100653904
4949545	100650387
4949545	100653323
9662000	100653403
9662000	100653351
9662000	100653327
9662000	100653275
9662000	100651469
9662000	100652686
9662000	100651950
9662000	100653104
9662000	100651276
9662000	100650702
9662000	100647745
9662000	100652935
9662000	100650400
9662000	100652817
2881078	100653403
2881078	100653351
2881078	100653757
2881078	100653327
2881078	100653275
2881078	100653104
114232	100654109
114232	100653403
114232	100652703
114232	100653785
114232	100653601
114232	100653898
114232	100653986
114232	100653948
114232	100653722
114232	100653826
114232	100653977
114232	100653720
114232	100653351
114232	100653763
5959237	100653403
5959237	100653351
5959237	100653785
5959237	100650220
5959237	100650174
5959237	100653327
5959237	100653830
5959237	100653904
5959237	100650156
5959237	100650444
5959237	100650261
5959237	100649924
5959237	100650144
5959237	100650047
222803	100653785
222803	100653403
222803	100653724
222803	100653351
222803	100654109
222803	100653298
222803	100653757
222803	100647745
222803	100651182
222803	100653904
222803	100653720
222803	100653722
222803	100653986
222803	100653948
9963102	100653403
9963102	100653351
9963102	100653327
9963102	100653275
9963102	100653104
9963102	100652935
9963102	100652817
9963102	100652788
9963102	100652447
9963102	100652409
9963102	100652271
9963102	100652168
9963102	100651469
9963102	100653308
769636	100653757
769636	100653403
769636	100653785
769636	100653826
769636	100654014
769636	100653724
769636	100653351
769636	100653904
769636	100652586
4429428	100653403
4429428	100653351
4429428	100653720
4429428	100653986
4429428	100654109
4429428	100653785
4429428	100653826
4429428	100651182
4429428	100653323
4429428	100653724
4429428	100653822
4429428	100653465
4429428	100650387
4429428	100652703
3421816	100653403
3421816	100653351
3421816	100653327
3421816	100653275
3421816	100647745
3421816	100651469
3421816	100653104
3421816	100651344
3421816	100650400
3421816	100652935
3421816	100651276
3421816	100651950
3421816	100652866
3421816	100650702
2696830	100647745
2696830	100647672
2696830	100651182
2696830	100652919
2696830	100647712
2696830	100653757
2696830	100603376
75398	100653403
75398	100653351
75398	100653785
75398	100651182
75398	100653826
75398	100647745
75398	100653720
75398	100650387
75398	100653757
75398	100653724
75398	100653986
75398	100652919
75398	100647712
75398	100654109
4992656	100647672
4992656	100647745
4992656	100651182
4992656	100647712
4992656	100652919
4992656	100650387
4992656	100653142
4992656	100651469
4992656	100650400
4992656	100653403
4992656	100650702
4992656	100650689
4992656	100650639
3389075	100653403
3389075	100653757
3389075	100653351
3389075	100651182
3389075	100647745
3389075	100647712
3389075	100653785
3389075	100650387
3389075	100651276
3389075	100653720
3389075	100647672
3389075	100652919
3389075	100653834
3389075	100653724
3473060	100653757
3473060	100653298
3473060	100653826
3473060	100651676
3473060	100654153
3473060	100651182
3473060	100650759
3473060	100653720
3473060	100653557
3473060	100652586
3473060	100652421
3473060	100650986
3473060	100652179
3473060	100647712
1916593	100653403
1916593	100652919
1916593	100650387
1916593	100653351
1916593	100653826
1916593	100653757
5287603	100653757
5287603	100653403
5287603	100653826
5287603	100652597
5287603	100647712
5287603	100654046
5287603	100653785
2418357	100653826
2418357	100653403
2418357	100653461
2418357	100653757
908845	100653757
908845	100654153
908845	100653826
908845	100653461
597543	100653403
597543	100653351
597543	100653785
597543	100653298
597543	100651182
597543	100647745
597543	100654109
597543	100653948
597543	100653757
597543	100654046
597543	100653904
597543	100653720
597543	100653898
597543	100653986
1414857	100653403
1414857	100653757
1414857	100653826
1414857	100653351
1414857	100647672
1414857	100653785
1414857	100653724
1414857	100652586
1414857	100653720
4736548	100653785
4736548	100653403
4736548	100653986
4736548	100654109
4736548	100653740
4736548	100653724
4736548	100653722
4736548	100653298
4736548	100653351
4736548	100652703
4736548	100653093
4736548	100653675
4736548	100653323
4736548	100654022
3843476	100653757
3843476	100653826
3843476	100653403
3843476	100647712
3843476	100654186
3843476	100654153
3843476	100653351
3843476	100653298
2637208	100653403
2637208	100653351
2637208	100653327
2637208	100653275
2637208	100653104
2637208	100652935
2637208	100651469
2637208	100651950
2637208	100651276
2637208	100651344
2637208	100653757
2637208	100650702
2637208	100653335
2637208	100653308
1652031	100653757
1652031	100653826
1652031	100653403
1652031	100653351
5086625	100653757
5086625	100653826
5086625	100652597
5086625	100647712
5086625	100654365
5086625	100654109
5086625	100653403
5086625	100651130
5361068	100653403
5361068	100654109
5361068	100653351
5361068	100653986
5361068	100653948
5361068	100651182
5361068	100653887
5361068	100653785
5361068	100653927
5361068	100653870
5361068	100653869
5361068	100653872
5361068	100653898
5361068	100653930
878005	100653403
878005	100653785
878005	100653724
878005	100653351
878005	100654109
878005	100653720
878005	100651182
878005	100653757
878005	100653986
878005	100653904
878005	100654046
878005	100653298
878005	100654014
878005	100653948
6380989	100653403
6380989	100653826
6380989	100653757
6380989	100654014
6380989	100653351
6380989	100652773
6380989	100653461
4343230	100653403
4343230	100653757
4343230	100652586
4343230	100652773
4343230	100653826
4343230	100653351
397177	100653986
397177	100653948
397177	100653785
397177	100654109
397177	100653403
397177	100653933
397177	100652866
397177	100653724
397177	100654046
397177	100654022
397177	100652703
397177	100653298
397177	100651182
397177	100653830
3874278	100653403
3874278	100653351
3874278	100653757
3874278	100651276
3874278	100653826
310766	100647672
310766	100647745
310766	100647712
310766	100651182
310766	100473516
310766	100653757
310766	100653403
310766	100651469
310766	100650702
310766	100652919
3882486	100653757
3882486	100653826
3882486	100654317
3882486	100654153
3882486	100653461
3882486	100653785
1363453	100653757
1363453	100653785
1363453	100653724
1363453	100653904
1363453	100647672
1363453	100653720
1363453	100653826
8189445	100653298
8189445	100653785
8189445	100651182
8189445	100653403
8189445	100647745
8189445	100653724
8189445	100654109
8189445	100654246
8189445	100650400
8189445	100653904
8189445	100653986
8189445	100653757
8189445	100653351
8189445	100653142
3913242	100653826
3913242	100653757
3913242	100653461
3913242	100654317
3913242	100647712
3913242	100653785
3913242	100654186
3913242	100653403
2000416	100653403
2000416	100653757
2000416	100652919
2000416	100650387
2000416	100653720
2000416	100652655
2000416	100647712
2000416	100647672
2975434	100653757
2975434	100653403
2975434	100653826
263545	100653785
263545	100653323
263545	100653822
263545	100653826
263545	100653403
263545	100652703
263545	100653898
263545	100653720
263545	100653724
263545	100653722
263545	100653986
263545	100651308
263545	100653327
263545	100654112
1775437	100653403
1775437	100653351
1775437	100653327
1775437	100653275
1775437	100653104
1775437	100652935
1775437	100650220
1775437	100652817
1775437	100651469
1775437	100652788
1775437	100651344
1775437	100650702
1775437	100653757
1775437	100652682
5021540	100653403
5021540	100653351
5021540	100653327
5021540	100653275
5021540	100651950
5021540	100651469
5021540	100653104
5021540	100651344
5021540	100651880
5021540	100650702
5021540	100652935
5021540	100647745
5021540	100653757
5021540	100652686
5166950	100653757
5166950	100653403
5166950	100653461
5166950	100653826
5166950	100653351
5166950	100647712
5166950	100654109
4394866	100653757
4394866	100653403
4394866	100654317
4394866	100647712
4394866	100653362
4394866	100652418
4394866	100651126
4394866	100650416
192377	100653785
192377	100653861
192377	100653826
192377	100653757
192377	100653840
192377	100653298
192377	100653724
192377	100653765
192377	100649064
192377	100653219
192377	100653933
192377	100652523
192377	100651432
192377	100652866
26495	100647672
26495	100651182
26495	100652919
26495	100647745
26495	100650387
26495	100647712
26495	100653403
26495	100603376
26495	100650400
839562	100653403
839562	100653826
839562	100653757
839562	100654014
839562	100653351
7866262	100653298
7866262	100653785
7866262	100653403
7866262	100653323
7866262	100651182
7866262	100653861
7866262	100653757
7866262	100653840
7866262	100653327
7866262	100653351
7866262	100653898
7866262	100650400
7866262	100651469
7866262	100647745
1564583	100653757
1564583	100653826
1564583	100653403
1564583	100647672
741293	100650387
741293	100653757
741293	100652919
741293	100653403
741293	100653948
741293	100647672
741293	100653904
741293	100653785
741293	100651182
980910	100653403
980910	100653351
980910	100647712
980910	100647672
980910	100653826
980910	100653757
980910	100647745
980910	100650220
980910	100653327
980910	100654303
980910	100654034
980910	100653990
980910	100652773
980910	100652586
890803	100653757
890803	100653826
890803	100653461
890803	100653785
2348983	100653403
2348983	100653351
2348983	100653327
2348983	100651469
2348983	100650702
2348983	100651950
2348983	100652686
2348983	100651276
2348983	100650220
2348983	100651344
2348983	100651880
2348983	100653757
2348983	100653275
2348983	100652655
456632	100647672
456632	100652919
456632	100647712
456632	100651182
456632	100647745
456632	100650387
456632	100650400
3552915	100653757
3552915	100653826
3552915	100653403
3552915	100653461
3552915	100651276
3552915	100652686
7372772	100652919
7372772	100650387
7372772	100651182
7372772	100653403
7372772	100647745
7372772	100647712
7372772	100653351
7372772	100647672
7372772	100653757
7372772	100653327
7372772	100653785
7372772	100650702
7372772	100508245
7372772	100491383
2592742	100653403
2592742	100653826
2592742	100647712
2592742	100647672
2592742	100653351
2592742	100653757
2592742	100652773
2592742	100647745
2592742	100651182
2592742	100654303
2592742	100654034
2592742	100653990
2592742	100652586
192494	100653403
192494	100651469
192494	100653785
192494	100653351
192494	100652703
192494	100653757
192494	100653990
192494	100653740
192494	100653804
192494	100653933
192494	100651276
192494	100651182
192494	100650220
192494	100647712
4085582	100653403
4085582	100653351
4085582	100653757
4085582	100653327
4085582	100652866
9840452	100653403
9840452	100653757
9840452	100653351
9840452	100653785
9840452	100653724
9840452	100653298
9840452	100654109
9840452	100651182
9840452	100653904
9840452	100653464
9840452	100653720
9840452	100652682
9840452	100653826
9840452	100647745
3020497	100653403
3020497	100653351
3020497	100653327
3020497	100653275
3020497	100653757
3020497	100652866
3020497	100647672
3020497	100653104
3020497	100652935
3020497	100652817
3020497	100651344
3020497	100650702
3020497	100647745
3020497	100652686
10016575	100653298
10016575	100653403
10016575	100652703
10016575	100653785
10016575	100651182
10016575	100647745
10016575	100653351
10016575	100653757
10016575	100650400
10016575	100653986
10016575	100654109
10016575	100652866
10016575	100653720
10016575	100653142
1237034	100653403
1237034	100653351
1237034	100653327
1237034	100650702
1237034	100651950
1237034	100653275
1237034	100647712
1237034	100653757
1237034	100651880
1237034	100653104
1237034	100651182
1237034	100647745
1237034	100651276
1237034	100651344
1959641	100653826
1959641	100653757
1959641	100653461
1959641	100653904
1959641	100653403
169691	100653785
169691	100654109
169691	100653826
169691	100653948
169691	100653757
169691	100653986
169691	100653990
169691	100653724
169691	100653861
169691	100653720
169691	100653403
169691	100653887
169691	100653830
169691	100653597
5205725	100653826
5205725	100653757
5205725	100654153
5205725	100653403
5205725	100653351
5205725	100653461
757490	100647712
757490	100653785
757490	100647672
757490	100647745
757490	100653403
757490	100651130
757490	100654303
757490	100651469
757490	100653617
757490	100653757
757490	100651182
757490	100445550
757490	100642309
757490	100653351
1906421	100653403
1906421	100653351
1906421	100653327
1906421	100654178
1906421	100653986
1906421	100653977
1906421	100653710
1906421	100652866
1906421	100650220
65270	100647672
65270	100647745
65270	100647712
65270	100651182
65270	100652919
65270	100650387
65270	100651469
65270	100652686
65270	100650400
8423160	100647745
8423160	100647712
8423160	100647672
8423160	100651182
8423160	100652919
8423160	100650387
8423160	100650400
8423160	100653142
8423160	100653757
8423160	100652686
8423160	100653403
8423160	100652179
8423160	100650639
8423160	100650702
3708667	100653403
3708667	100653351
3708667	100653327
3708667	100653275
3708667	100653104
3708667	100652935
3708667	100652817
3708667	100651276
3708667	100653757
3708667	100651344
3708667	100652686
3708667	100653826
3708667	100652788
3708667	100651950
10247932	100653403
10247932	100653351
10247932	100653327
10247932	100653275
10247932	100651469
10247932	100651950
10247932	100653104
10247932	100650702
10247932	100647745
10247932	100651276
10247932	100653757
10247932	100650400
10247932	100653362
10247932	100651182
2560169	100653757
2560169	100653826
2560169	100653785
2560169	100653461
2560169	100654317
2560169	100654312
2560169	100653403
2560169	100651130
1793803	100653757
1793803	100653403
1793803	100653948
1793803	100647672
845580	100653785
845580	100654109
845580	100653465
845580	100653826
845580	100653948
845580	100653724
845580	100653861
845580	100653904
845580	100653765
845580	100653986
845580	100653887
845580	100653930
845580	100653927
845580	100653830
565925	100654109
565925	100653785
565925	100653904
565925	100653724
565925	100653861
565925	100653887
565925	100653930
565925	100653830
565925	100653990
565925	100653840
565925	100654365
565925	100653869
565925	100653870
565925	100653871
4943667	100653403
4943667	100653351
4943667	100653327
4943667	100653275
4943667	100653104
4943667	100652935
4943667	100652817
4943667	100647672
4943667	100647745
4943667	100652788
4943667	100653617
4943667	100651469
4943667	100651344
4943667	100650174
9242423	100653403
9242423	100653785
9242423	100653722
9242423	100653298
9242423	100653351
9242423	100653757
9242423	100654109
9242423	100651182
9242423	100653244
9242423	100653724
9242423	100654243
9242423	100653986
9242423	100653898
9242423	100653720
3952443	100653403
3952443	100653826
3952443	100653757
3952443	100653351
3952443	100653461
3952443	100653785
5023119	100653757
5023119	100653785
5023119	100653403
5023119	100653724
5023119	100653720
5023119	100653826
5023119	100651182
5023119	100654365
5023119	100654186
5023119	100654046
5023119	100654014
5023119	100653351
77157	100647745
77157	100647672
77157	100651182
77157	100647712
77157	100473516
77157	100653757
5401159	100653757
5401159	100653826
5401159	100654153
5401159	100654014
66396	100653826
66396	100653785
66396	100653298
66396	100653724
66396	100653617
66396	100653403
66396	100653757
66396	100654109
66396	100653986
66396	100653142
66396	100654022
66396	100647712
66396	100653840
66396	100653822
3463433	100653757
3463433	100653785
3463433	100653933
3463433	100653892
3463433	100653403
3463433	100654317
3463433	100653362
3463433	100652418
3463433	100651126
3463433	100650416
4039541	100653757
4039541	100653826
4039541	100653403
4039541	100653298
4039541	100653461
4039541	100653724
4039541	100654317
4039541	100647712
4039541	100652597
4039541	100653455
4039541	100653362
4039541	100652418
4039541	100651126
4039541	100650416
5288827	100653757
5288827	100653403
5288827	100653826
5288827	100654153
5288827	100651182
5288827	100650759
750463	100653403
750463	100653785
750463	100653724
750463	100654109
750463	100653529
750463	100653351
750463	100653904
750463	100653298
750463	100653990
750463	100653757
750463	100653986
750463	100653720
750463	100653948
750463	100652866
3974020	100653757
3974020	100653904
3974020	100653403
3974020	100653724
3974020	100653785
3974020	100654014
3974020	100653826
3974020	100653830
3974020	100654109
3974020	100650759
3974020	100654034
3974020	100653822
3974020	100651502
5489547	100653403
5489547	100653351
5489547	100653327
5489547	100653275
5489547	100651469
5489547	100651950
5489547	100653757
5489547	100647745
5489547	100650702
5489547	100650400
5489547	100651276
5489547	100651182
5489547	100651344
5489547	100653362
603021	100653757
603021	100653785
603021	100653403
603021	100653826
603021	100651432
603021	100652866
603021	100653986
603021	100653617
603021	100653861
603021	100652523
603021	100514408
603021	100653720
603021	100653298
603021	100653244
2573201	100653298
2573201	100653757
2573201	100653785
2573201	100654109
2573201	100653826
2573201	100653323
2573201	100653601
2573201	100653464
2573201	100653904
2573201	100653986
2573201	100653990
2573201	100653840
2573201	100632116
2573201	100653411
1692036	100653403
1692036	100653757
1692036	100653826
1692036	100652773
1692036	100653904
1692036	100653351
3728281	100653403
3728281	100653351
3728281	100653327
3728281	100653275
3728281	100653104
3728281	100652935
3728281	100652817
3728281	100651344
3728281	100651247
3728281	100651265
3728281	100651276
3728281	100650702
3728281	100647712
3728281	100651469
2743197	100653757
2743197	100653826
2743197	100653403
2743197	100653675
2743197	100647712
2743197	100653724
2743197	100653351
2743197	100653461
2743197	100651182
2743197	100647745
2743197	100653093
2743197	100653323
2743197	100653298
2743197	100652866
967598	100653403
967598	100652773
967598	100653351
967598	100653757
967598	100653826
5528499	100653826
5528499	100653757
5528499	100654153
5528499	100653461
5528499	100653403
5528499	100651276
4647866	100653403
4647866	100653785
4647866	100653351
4647866	100653720
4647866	100653529
4647866	100651182
4647866	100653826
4647866	100653416
4647866	100653724
4647866	100653424
4647866	100653493
4647866	100653757
4647866	100653822
4647866	100647745
3768370	100653826
3768370	100653757
3768370	100653403
3768370	100654312
3768370	100653785
3768370	100645974
3768370	100644720
3768370	100653461
3768370	100653724
3768370	100647712
357322	100653403
357322	100653785
357322	100653351
357322	100654109
357322	100651182
357322	100653757
357322	100653986
357322	100653720
357322	100647745
357322	100653826
357322	100653724
357322	100650387
357322	100653948
357322	100653323
3531728	100647712
3531728	100647745
3531728	100647672
3531728	100651182
3531728	100652919
3531728	100650387
3531728	100652686
3531728	100653757
3531728	100653351
3531728	100653327
3531728	100650689
3531728	100650639
3531728	100651469
3531728	100650702
3547998	100653298
3547998	100652866
3547998	100653785
3547998	100653403
3547998	100651182
3547998	100647745
3547998	100652703
3547998	100653142
3547998	100653720
3547998	100653351
3547998	100654109
3547998	100651676
3547998	100653986
3547998	100653532
2380627	100653785
2380627	100653757
2380627	100654014
2380627	100651182
2380627	100653724
2380627	100647672
2380627	100653403
2380627	100650387
2380627	100650683
2380627	100651934
2380627	100654186
2380627	100654046
2380627	100654109
2380627	100651502
3541980	100653757
3541980	100653403
3541980	100653826
3541980	100654153
3541980	100651182
3541980	100650759
3541980	100654317
2599754	100653757
2599754	100653403
2599754	100653826
2599754	100654303
2599754	100653785
2599754	100653351
2599754	100654014
2599754	100651130
2599754	100653461
2599754	100652869
2599754	100653617
2599754	100654237
2599754	100653830
2599754	100653843
524986	100653403
524986	100653785
524986	100653351
524986	100653948
524986	100653898
524986	100653904
524986	100653826
524986	100651182
524986	100653458
524986	100654109
524986	100653720
524986	100653757
524986	100653601
524986	100653722
273559	100653403
273559	100653351
273559	100651182
273559	100647745
273559	100647672
273559	100647712
273559	100653757
273559	100651950
273559	100652773
273559	100651432
273559	100652919
273559	100491383
273559	100652686
273559	100652788
45765	100653403
45765	100653785
45765	100653351
45765	100653757
45765	100651182
45765	100654109
45765	100647745
45765	100653323
45765	100650387
45765	100653826
45765	100652919
45765	100653298
45765	100653904
45765	100647712
465609	100653403
465609	100653351
465609	100653785
465609	100653826
465609	100651182
465609	100653898
465609	100653757
465609	100653948
465609	100653327
465609	100647745
465609	100653720
465609	100654109
465609	100650387
465609	100653722
5921220	100653403
5921220	100653351
5921220	100653826
5921220	100653757
5921220	100653327
973557	100653785
973557	100653724
973557	100653722
973557	100653904
973557	100653720
973557	100653757
973557	100653351
973557	100653403
973557	100652703
973557	100653298
973557	100653759
973557	100653948
973557	100653986
973557	100653323
7736055	100653403
7736055	100653785
7736055	100654109
7736055	100653351
7736055	100653986
7736055	100651182
7736055	100653904
7736055	100653757
7736055	100653720
7736055	100653724
7736055	100647745
7736055	100653948
7736055	100652703
7736055	100650387
6101752	100653757
6101752	100653403
6101752	100653826
6101752	100654014
6101752	100653904
6101752	100651182
3865354	100653826
3865354	100653757
3865354	100653461
2508465	100653826
2508465	100653757
2508465	100654153
2508465	100653403
2508465	100647672
160531	100653403
160531	100652866
160531	100653351
160531	100653327
160531	100653104
160531	100653275
160531	100653948
160531	100652817
160531	100652935
160531	100650702
160531	100651344
160531	100652703
160531	100653142
160531	100413365
88854	100653785
88854	100653403
88854	100653219
88854	100653799
88854	100653765
88854	100653722
88854	100653740
88854	100652523
88854	100654337
88854	100653986
88854	100651265
88854	100654109
88854	100653757
88854	100653011
3951396	100653403
3951396	100653351
3951396	100653327
3951396	100650702
3951396	100653826
3951396	100653275
3951396	100651880
3951396	100651950
3951396	100653757
3951396	100647712
3951396	100653785
3951396	100651809
3951396	100652179
3951396	100650689
7570222	100654022
7570222	100654112
7570222	100653986
7570222	100654109
7570222	100654046
7570222	100653933
7570222	100653948
7570222	100653298
7570222	100653898
7570222	100653785
7570222	100654246
7570222	100653904
7570222	100653722
7570222	100654186
693043	100647712
693043	100653403
693043	100647672
693043	100653826
693043	100653757
693043	100647745
78654	100653403
78654	100653351
78654	100651469
78654	100651950
78654	100653327
78654	100651344
78654	100650702
78654	100651880
78654	100650220
78654	100651182
78654	100652655
78654	100652686
78654	100651276
78654	100653275
637760	100653757
637760	100653826
637760	100653403
637760	100654014
637760	100651182
637760	100647745
637760	100647712
637760	100654153
637760	100653461
637760	100653351
4027353	100653403
4027353	100653757
4027353	100653826
4027353	100653830
4027353	100654014
4027353	100653351
4027353	100653990
4027353	100653785
4027353	100653606
4027353	100623051
1834994	100653826
1834994	100653403
1834994	100653757
1834994	100652773
1834994	100653351
653099	100653403
653099	100652586
653099	100651676
653099	100653351
653099	100651182
653099	100653785
653099	100653757
653099	100650387
653099	100652919
653099	100652421
653099	100647745
653099	100653720
653099	100653298
653099	100653601
42406	100653403
42406	100653785
42406	100654109
42406	100653351
42406	100653904
42406	100651182
42406	100653757
42406	100653724
42406	100653720
42406	100647745
42406	100653826
42406	100653986
42406	100653898
42406	100653990
4000986	100653826
4000986	100653757
4000986	100654317
4000986	100653461
4000986	100653785
4000986	100647712
60648	100647672
60648	100647745
60648	100647712
60648	100651182
60648	100652919
60648	100653757
60648	100603376
60648	100650387
288010	100653757
288010	100653826
288010	100653403
288010	100653351
288010	100653461
181521	100653785
181521	100653826
181521	100653757
181521	100654022
181521	100653403
181521	100653724
181521	100654109
181521	100653323
181521	100653990
181521	100654046
181521	100653861
181521	100653840
181521	100653822
181521	100654337
4566295	100653986
4566295	100653757
4566295	100653785
4566295	100653826
4566295	100653298
4566295	100653840
4566295	100653740
4566295	100653093
4566295	100653675
4566295	100654109
4566295	100653765
4566295	100653551
4566295	100653527
4566295	100653724
378144	100653403
378144	100653351
378144	100653327
378144	100654022
378144	100651469
378144	100647672
378144	100654109
2860322	100647745
2860322	100651182
2860322	100647712
2860322	100647672
2860322	100653403
2860322	100653351
2860322	100652919
2860322	100650387
3599660	100653403
3599660	100653757
3599660	100653351
3599660	100653785
3599660	100653724
3599660	100651182
3599660	100647745
3599660	100653720
3599660	100653298
3599660	100653465
3599660	100653986
3599660	100654022
3599660	100654109
3599660	100650387
1897777	100653757
1897777	100653826
1897777	100653403
1897777	100653461
1246514	100653757
1246514	100653403
1246514	100653826
1246514	100653904
1246514	100654014
1246514	100653785
561646	100653826
561646	100653785
561646	100653986
561646	100653403
561646	100653724
561646	100654109
561646	100653904
561646	100653617
561646	100653142
561646	100654237
561646	100654186
561646	100653757
561646	100652655
561646	100647712
1285436	100653403
1285436	100653757
1285436	100653826
1285436	100653351
1285436	100652586
3906879	100653757
3906879	100653826
3906879	100653554
3906879	100653724
3906879	100653403
3906879	100651182
3906879	100647745
3906879	100647712
3906879	100654312
3906879	100654014
3906879	100653785
3906879	100645974
3906879	100644720
3906879	100653532
3063120	100653403
3063120	100653351
3063120	100647672
3063120	100651182
3063120	100652919
21850	100653403
21850	100653826
21850	100653244
21850	100653887
21850	100654014
21850	100653351
21850	100653785
21850	100653527
21850	100653461
1103196	100653403
1103196	100653785
1103196	100653826
1103196	100654046
1103196	100653351
1103196	100653244
1103196	100652586
1103196	100653757
1103196	100527104
2561233	100653403
2561233	100653351
2561233	100653465
2561233	100653785
2561233	100651182
2561233	100653757
2561233	100653724
2561233	100647745
2561233	100650387
2561233	100653323
2561233	100653327
2561233	100654109
2561233	100652919
2561233	100653298
3378327	100647712
3378327	100647672
3378327	100647745
3378327	100651182
3378327	100652919
3378327	100652179
3378327	100651469
3378327	100650387
3378327	100653142
3378327	100653785
3378327	100653403
3378327	100508245
3378327	100651130
3378327	100445550
6503428	100653403
6503428	100653351
6503428	100653327
6503428	100651469
6503428	100653275
6503428	100651276
6503428	100651950
6503428	100651344
6503428	100653104
6503428	100650702
6503428	100651265
6503428	100652935
6503428	100650220
6503428	100652686
1414290	100653757
1414290	100653785
1414290	100653403
1414290	100653826
1414290	100653904
1414290	100653720
1414290	100653724
1414290	100654014
1414290	100652773
1414290	100653990
1414290	100653606
1414290	100623051
4451336	100653757
4451336	100653785
4451336	100653904
4451336	100653826
4451336	100654112
4451336	100654109
4451336	100653990
4451336	100653898
4451336	100654243
4451336	100654011
4451336	100654186
4451336	100653011
4451336	100653986
4451336	100653724
4041742	100653785
4041742	100653298
4041742	100653722
4041742	100653403
4041742	100651182
4041742	100653724
4041742	100653720
4041742	100654109
4041742	100647745
4041742	100653904
4041742	100653757
4041742	100653351
4041742	100653986
4041742	100652866
222236	100653826
222236	100654109
222236	100653785
222236	100653465
222236	100653948
222236	100653904
222236	100653836
222236	100653724
222236	100653861
222236	100653887
222236	100653930
222236	100653527
222236	100653990
222236	100653323
5471262	100653826
5471262	100653403
5471262	100653351
5471262	100654153
5471262	100653757
5471262	100653461
2573343	100653757
2573343	100653403
2573343	100653826
2573343	100653298
2573343	100651182
2573343	100653351
2573343	100647712
531492	100653403
531492	100653351
531492	100653327
531492	100653275
531492	100653104
531492	100652935
531492	100652817
531492	100653722
531492	100653601
531492	100653933
531492	100652703
531492	100651432
531492	100653843
531492	100653830
826407	100653403
826407	100653351
826407	100653327
826407	100653785
826407	100653275
3900459	100653826
3900459	100653757
3900459	100651182
3900459	100653403
3900459	100653461
3900459	100654034
3900459	100650759
3900459	100654109
3900459	100652773
3900459	100654303
3900459	100653990
3900459	100653843
3900459	100647745
3900459	100647712
877614	100653826
877614	100653757
877614	100653785
877614	100653554
877614	100653724
877614	100653557
877614	100654312
877614	100651182
877614	100645974
877614	100644720
965687	100653403
965687	100647745
965687	100651182
965687	100647672
965687	100647712
965687	100653757
965687	100653351
965687	100652919
965687	100652686
965687	100652788
965687	100652817
965687	100652447
965687	100652409
965687	100652271
863310	100653785
863310	100653724
863310	100654109
863310	100653757
863310	100653720
863310	100654046
863310	100653298
863310	100653904
863310	100654186
863310	100653986
863310	100653887
863310	100653403
863310	100653830
863310	100653834
6814808	100653757
6814808	100653826
6814808	100653403
6814808	100654014
6814808	100653461
6814808	100647712
6814808	100653351
6814808	100637433
6814808	100633901
6814808	100603422
6814808	100510169
6814808	100454955
883642	100654109
883642	100653403
883642	100653785
883642	100651182
883642	100653351
883642	100647745
883642	100653904
883642	100653986
883642	100654112
883642	100653826
883642	100654186
883642	100653720
883642	100653757
883642	100654365
2110573	100653403
2110573	100653757
2110573	100653826
2110573	100653990
2110573	100653785
2110573	100653606
2110573	100623051
2110573	100653351
2110573	100654034
2110573	100651182
2110573	100647745
2110573	100647712
2110573	100654178
2110573	100653904
2714766	100653403
2714766	100647745
2714766	100647672
570487	100653757
570487	100653403
570487	100653826
570487	100652773
570487	100651182
570487	100647745
570487	100647712
570487	100654153
8463500	100653403
8463500	100651469
8463500	100651950
8463500	100653351
8463500	100651880
8463500	100652686
8463500	100653327
8463500	100650702
8463500	100651344
8463500	100647712
8463500	100650220
8463500	100652655
8463500	100651276
8463500	100653759
3821568	100653403
3821568	100653351
3821568	100651469
3821568	100653327
3821568	100651950
3821568	100650702
3821568	100650220
3821568	100651276
3821568	100651344
3821568	100653757
3821568	100647712
3821568	100650689
3821568	100651880
3821568	100651809
